007
008
009
054
055
060
061
062
072
073
079
080
086
087
090
091
098
099
116
117
118
119
120
121
129
130
131
134
138
139
140
141
158
159
160
170
171
183
184
186
194
195
199
211
222
223
224
226
230
245
258
259
260
270
271
272
278
279
283
318
319
320
321
339
340
341
342
349
350
351
363
364
365
366
367
368
369
370
382
393
394
395
400
418
419
422
423
456
457
458
479
484
489
490
501
502
503
515
516
535
536
537
550
564
565
580
581
592
593
594
647